281 38 38
1 1
2 1
3 1
4 1
5 1
6 1
7 1
8 1
9 1
10 1
11 1
12 1
13 1
14 1
15 1
16 1
17 1
18 1
19 1
20 1
21 1
22 1
23 1
24 1
25 1
26 1
27 1
28 1
29 1
30 2
31 2
32 2
33 1
34 1
35 1
36 1
37 1
38 1
39 1
40 1
41 1
42 1
43 1
44 1
45 1
46 1
47 1
48 1
49 2
50 1
51 1
52 1
53 1
54 4
55 1
56 1
57 1
58 1
59 1
60 1
61 1
62 1
63 1
64 1
65 1
66 1
67 1
68 1
69 1
70 1
71 1
72 1
73 1
74 1
75 1
76 1
77 1
78 1
79 1
80 1
81 3
82 1
83 1
84 3
85 1
86 1
87 1
88 1
89 1
90 1
91 1
92 1
93 1
94 1
95 1
96 1
97 1
98 1
99 1
100 1
101 1
102 3
103 1
104 2
105 3
106 1
107 2
108 3
109 1
110 2
111 5
112 2
113 2
114 2
115 2
116 2
117 2
118 2
119 1
120 2
121 1
122 2
123 1
124 1
125 1
126 2
127 2
128 3
129 3
130 2
131 1
132 1
133 3
134 2
135 2
136 3
137 2
138 1
139 1
140 1
141 1
142 1
143 4
144 2
145 3
146 3
147 1
148 2
149 1
150 2
151 2
152 3
153 4
154 2
155 2
156 2
157 1
158 1
159 3
160 3
161 2
162 2
163 3
164 1
165 1
166 1
167 3
168 2
169 1
170 3
171 3
172 1
173 1
174 1
175 1
176 1
177 1
178 1
179 1
180 1
181 1
182 1
183 1
184 1
185 1
186 1
187 1
188 1
189 1
190 1
191 1
192 1
193 1
194 1
195 2
196 1
197 1
198 1
199 2
200 1
201 1
202 1
203 2
204 1
205 1
206 1
207 1
208 2
209 1
210 2
211 1
212 1
213 1
214 1
215 1
216 1
217 1
218 1
219 2
220 1
221 1
222 1
223 1
224 1
225 1
226 2
227 2
228 2
229 2
230 1
231 2
232 1
233 1
234 1
235 2
236 2
237 2
238 1
239 1
240 1
241 1
242 1
243 1
244 1
245 1
246 1
247 1
248 1
249 1
250 1
251 1
252 1
253 1
254 1
255 1
256 1
257 1
258 1
259 1
260 1
261 1
262 1
263 1
264 1
265 1
266 1
267 1
268 1
269 1
270 1
271 1
272 1
273 1
274 1
275 1
276 1
277 1
278 1
279 1
280 2
281 1

s1 34
s1 33
s1 38
s1 37
s1 5
s1 6
s1 3
s1 4
s1 89
s1 39
s1 35
s1 1
s1 2
s1 42
s1 43
s1 36
s1 40
s1 41
s2 13
s2 14
s2 15
s2 7
s2 8
s2 11
s2 12
s2 200
s2 198
s2 9
s2 10
s2 30
s2 32
s2 31
s3 16
s3 17
s3 18
s3 19
s3 20
s3 21
s3 22
s3 23
s3 24
s3 25
s3 26
s3 27
s3 28
s3 29
s3 30
s3 32
s3 31
s4 51
s4 281
s4 82
s4 85
s4 87
s4 65
s4 74
s4 76
s4 93
s4 91
s4 164
s4 79
s4 68
s4 70
s4 95
s4 97
s4 98
s4 83
s5 63
s5 62
s5 57
s5 56
s5 59
s5 60
s5 90
s6 242
s6 178
s6 181
s6 182
s6 183
s6 184
s6 185
s6 188
s6 186
s6 176
s6 177
s6 173
s6 174
s6 175
s7 213
s7 211
s7 207
s7 214
s7 215
s7 216
s7 202
s7 204
s7 196
s7 197
s7 189
s7 194
s8 234
s8 239
s8 241
s8 230
s8 232
s8 233
s8 218
s8 221
s8 223
s8 224
s8 225
s9 277
s9 201
s9 180
s9 226
s9 280
s9 231
s9 236
s9 237
s9 219
s9 160
s9 195
s9 187
s9 199
s9 179
s9 229
s9 228
s9 235
s9 133
s9 208
s9 203
s9 210
s10 226
s10 280
s10 231
s10 236
s10 237
s10 222
s10 206
s10 160
s10 229
s10 228
s10 235
s10 203
s10 205
s10 208
s10 195
s10 199
s11 191
s11 190
s12 212
s12 278
s12 219
s12 209
s12 210
s13 193
s13 227
s13 192
s14 227
s14 279
s14 220
s15 172
s15 96
s15 66
s15 69
s15 72
s15 92
s15 94
s15 86
s15 88
s15 81
s15 84
s15 58
s15 61
s15 64
s15 78
s15 80
s15 73
s15 75
s15 77
s16 103
s16 135
s16 105
s16 107
s16 104
s16 117
s16 118
s16 122
s16 130
s16 134
s16 153
s16 81
s16 84
s16 163
s16 99
s16 101
s16 110
s16 113
s16 114
s16 120
s16 129
s16 133
s16 136
s16 112
s16 116
s16 143
s16 146
s17 135
s17 105
s17 107
s17 104
s17 117
s17 118
s17 122
s17 130
s17 134
s17 139
s17 138
s17 153
s17 81
s17 84
s17 163
s17 110
s17 113
s17 114
s17 120
s17 129
s17 133
s17 136
s17 112
s17 116
s17 109
s17 137
s17 143
s17 146
s19 137
s20 254
s20 256
s20 255
s20 217
s20 250
s20 251
s20 252
s20 253
s21 247
s21 248
s21 249
s21 238
s21 245
s21 246
s21 243
s21 244
s21 119
s21 240
s22 260
s22 261
s22 262
s22 263
s22 264
s22 259
s22 257
s22 258
s23 273
s23 269
s23 271
s23 124
s23 270
s23 272
s23 127
s24 165
s24 274
s24 275
s24 276
s24 140
s24 100
s24 127
s25 123
s25 125
s25 49
s25 106
s25 115
s25 121
s25 111
s26 265
s26 266
s26 267
s26 268
s27 157
s27 141
s27 155
s27 153
s27 105
s27 142
s27 143
s27 144
s27 170
s28 155
s28 153
s28 149
s28 111
s28 143
s28 144
s28 146
s28 147
s28 170
s29 47
s29 46
s29 49
s29 45
s29 53
s29 50
s29 52
s29 48
s30 55
s30 54
s30 67
s30 71
s30 44
s31 156
s31 151
s31 54
s31 167
s31 171
s31 152
s31 108
s31 126
s31 111
s31 128
s31 145
s31 102
s31 148
s32 150
s32 126
s32 54
s32 167
s32 171
s32 152
s32 108
s32 111
s32 148
s32 154
s32 162
s32 128
s32 145
s32 102
s33 54
s33 167
s33 171
s33 152
s33 108
s33 168
s33 115
s33 111
s33 150
s33 151
s33 156
s33 128
s33 145
s33 102
s33 154
s33 162
s34 159
s34 161
s35 161
s35 159
s36 159
s36 168
s37 158
s37 160
s38 169
s38 166
s38 132
s38 131
s38 163
s38 136
s38 129
s38 170
